3,1
3,3
10,25
10,236
10,215
10,111
10,77
10,281
10,307
10,207
11,18
11,10
8,18
8,9
8,5
20,3
20,2
20,1
19,3
19,2
19,1
17,3
17,2
17,1
16,3
16,2
16,1
15,3
15,2
15,1
14,2
13,2
12,3
12,2
12,1
11,30
11,28
11,27
11,26
11,25
11,23
11,22
11,20
11,19
11,17
11,16
11,15
11,14
11,13
11,12
11,9
11,8
11,7
11,5
11,4
11,3
18,1
11,2
18,3
11,1
10,301
10,285
10,284
10,271
14,1
10,259
10,254
14,3
10,242
10,238
13,1
10,214
10,209
13,3
10,185
10,167
10,163
10,155
10,133
10,98
10,70
10,69
10,31
10,27
10,23
10,8
10,3
10,2
10,1
